time	cpu_times.user	cpu_times.system	cpu_times.idle	cpu_percent(%)	cpu_percent_per_cpu	mem_virtual.total(Mbyte)	mem_virtual.available(Mbyte)	mem_virtual.used(Mbyte)	mem_virtual.free(Mbyte)	mem_virtual.percent(%)	mem_swap.total(Mbyte)	mem_swap.used(Mbyte)	mem_swap.free(Mbyte)	mem_swap.percent(%)	disk_io.read_count	disk_io.write_count	disk_io.read(Mbyte)	disk_io.write(Mbyte)	net_io.sent(Mbyte)	net_io.recv(Mbyte)	net_io.packets_sent	net_io_counters.packets_recv	net_port_counter(80 443 8080)
20160315	209.55	160.18	1638.92	23.8	[6.5]	1000	408	897	103	59.2	1021	5	1016	0.6	36208	3208	695	139	0	3	1465	3138	0
20160315	210.08	160.48	1644.07	12.9	[12.0]	1000	409	897	103	59.1	1021	5	1016	0.6	36217	3223	696	139	0	3	1465	3138	0
20160315	210.82	161.32	1648.47	4.1	[25.4]	1000	407	901	98	59.3	1021	5	1016	0.6	36360	3226	699	139	0	3	1465	3138	0
20160315	211.09	161.62	1653.88	4.0	[9.8]	1000	407	901	98	59.3	1021	5	1016	0.6	36361	3228	699	139	0	3	1465	3138	0
20160315	211.41	161.98	1659.23	9.9	[12.2]	1000	407	901	98	59.3	1021	5	1016	0.6	36374	3233	699	139	0	3	1466	3138	0
20160315	211.54	162.12	1664.96	3.0	[3.7]	1000	407	902	98	59.3	1021	5	1016	0.6	36385	3236	699	139	0	3	1467	3139	0
20160315	211.74	162.21	1670.66	22.3	[8.1]	1000	404	905	95	59.6	1021	5	1016	0.6	36385	3238	699	139	0	3	1467	3141	0
20160315	213.09	164.06	1672.9	100.0	[75.0]	1000	368	919	81	63.2	1021	20	1001	2.0	38575	3330	828	154	0	3	1467	3145	0
20160315	215.14	165.42	1675.48	10.9	[42.5]	1000	361	932	68	63.9	1021	20	1001	2.0	39001	3334	833	155	0	3	1467	3150	0
20160315	215.94	165.83	1680.28	13.9	[20.8]	1000	361	932	68	63.9	1021	20	1001	2.0	39001	3336	833	155	0	3	1467	3153	0
20160315	216.39	166.03	1685.63	16.8	[11.1]	1000	361	932	68	63.9	1021	20	1001	2.0	39003	3338	833	155	0	3	1467	3157	0
20160315	217.58	166.62	1689.84	37.6	[33.2]	1000	361	933	67	63.9	1021	20	1001	2.0	39104	3339	834	155	0	3	1467	3157	0
20160315	218.76	167.34	1693.88	99.0	[43.4]	1000	362	921	79	63.8	1021	27	994	2.7	39540	3374	859	162	0	3	1467	3157	0
20160315	221.4	168.57	1695.86	74.3	[62.2]	1000	365	925	74	63.5	1021	27	994	2.7	40034	3512	867	165	0	3	1467	3157	0
20160315	223.04	169.4	1699.43	0.0	[28.7]	1000	365	925	74	63.5	1021	27	994	2.7	40034	3515	867	165	0	3	1467	3157	0
20160315	223.06	169.46	1705.39	1.0	[1.3]	1000	365	925	74	63.5	1021	27	994	2.7	40034	3517	867	165	0	3	1467	3158	0
20160315	223.51	169.83	1710.56	1.0	[14.0]	1000	365	925	74	63.5	1021	27	994	2.7	40036	3519	867	165	0	3	1467	3164	0
20160315	224.13	170.2	1715.57	43.1	[23.5]	1000	421	871	129	57.9	1021	27	994	2.7	40108	3523	870	165	0	3	1467	3170	0
20160315	225.48	171.06	1719.38	34.0	[35.5]	1000	431	862	138	56.9	1021	27	994	2.7	40114	3525	870	165	0	3	1467	3176	0
20160315	226.38	171.56	1723.96	22.4	[21.6]	1000	431	862	138	56.9	1021	27	994	2.7	40117	3571	870	165	0	3	1467	3181	0
2016-03-15 10:38:31	228.78	173.2	1736.89	7.0	[7.0]	1000	432	848	151	56.7	1021	27	994	2.7	40170	3579	871	165	0	3	1467	3181	0
2016-03-15 10:38:37	229.16	173.58	1742.14	10.9	[13.6]	1000	431	850	149	56.9	1021	27	994	2.7	40170	3583	871	165	0	3	1467	3181	0
2016-03-15 10:38:43	230.02	174.09	1746.8	16.0	[23.7]	1000	431	859	140	56.9	1021	27	994	2.7	40170	3587	871	165	0	3	1467	3181	0
2016-03-15 10:38:49	230.88	174.58	1751.43	26.0	[24.1]	1000	431	865	134	56.9	1021	27	994	2.7	40170	3589	871	165	0	3	1467	3181	0
2016-03-15 10:38:55	232.02	175.0	1755.82	2.0	[22.1]	1000	431	865	134	56.9	1021	27	994	2.7	40170	3604	871	165	0	3	1467	3181	0
2016-03-15 10:39:01	233.31	175.57	1759.96	1.0	[31.0]	1000	434	862	137	56.6	1021	27	994	2.7	40170	3607	871	166	0	3	1467	3181	0
2016-03-15 10:39:07	233.94	175.95	1764.98	24.2	[20.6]	1000	431	866	134	56.9	1021	27	994	2.7	40170	3612	871	166	0	3	1467	3181	0
2016-03-15 10:39:13	234.69	176.42	1769.75	5.0	[17.3]	1000	431	865	135	56.9	1021	27	994	2.7	40170	3615	871	166	0	3	1467	3181	0
2016-03-15 10:39:19	235.31	176.89	1774.73	11.0	[19.2]	1000	414	883	117	58.6	1021	27	994	2.7	40172	3617	871	166	0	3	1467	3181	0
2016-03-15 10:39:25	236.6	178.16	1778.09	90.0	[57.0]	1000	375	916	84	62.5	1021	28	993	2.8	40529	3649	890	167	0	3	1467	3181	0
2016-03-15 10:39:31	239.47	179.85	1779.56	100.0	[77.3]	1000	369	922	77	63.1	1021	28	993	2.8	40530	3696	890	168	0	3	1467	3181	0
2016-03-15 10:39:37	240.52	180.32	1784.07	0.0	[8.6]	1000	369	922	77	63.1	1021	28	993	2.8	40530	3701	890	168	0	3	1467	3181	0
2016-03-15 10:39:43	240.54	180.37	1790.03	2.0	[1.7]	1000	369	922	77	63.1	1021	28	993	2.8	40530	3705	890	168	0	3	1467	3181	0
2016-03-15 10:39:49	240.57	180.41	1795.98	2.0	[1.3]	1000	369	922	77	63.1	1021	28	993	2.8	40531	3709	890	168	0	3	1467	3181	0
2016-03-15 10:39:55	240.6	180.49	1801.89	0.0	[1.8]	1000	369	922	77	63.1	1021	28	993	2.8	40531	3717	890	168	0	3	1467	3183	0
2016-03-15 10:40:01	240.63	180.55	1807.82	1.0	[1.7]	1000	369	922	77	63.1	1021	28	993	2.8	40531	3720	890	168	0	3	1467	3187	0
2016-03-15 10:40:07	240.64	180.59	1813.78	0.0	[0.8]	1000	369	922	77	63.1	1021	28	993	2.8	40531	3740	890	168	0	3	1467	3192	0
2016-03-15 10:40:13	240.67	180.61	1819.74	1.0	[1.0]	1000	369	922	77	63.1	1021	28	993	2.8	40531	3742	890	168	0	3	1467	3196	0
2016-03-15 10:40:20	240.69	180.64	1825.7	13.4	[3.0]	1000	369	922	77	63.1	1021	28	993	2.8	40531	3744	890	168	0	3	1467	3199	0
2016-03-15 10:40:26	241.08	180.83	1831.1	0.0	[7.8]	1000	369	922	77	63.1	1021	28	993	2.8	40532	3747	890	168	0	3	1467	3199	0
2016-03-15 10:40:32	241.1	180.87	1837.05	1.0	[1.0]	1000	369	922	77	63.1	1021	28	993	2.8	40532	3749	890	168	0	3	1467	3199	0
2016-03-15 10:40:38	241.12	180.9	1843.01	0.0	[0.8]	1000	369	923	77	63.1	1021	28	993	2.8	40532	3751	890	168	0	3	1467	3202	0
2016-03-15 10:40:44	241.14	180.94	1848.97	1.0	[1.2]	1000	369	923	77	63.1	1021	28	993	2.8	40532	3753	890	168	0	3	1467	3211	0
2016-03-15 10:40:50	241.16	180.99	1854.91	1.0	[1.3]	1000	369	923	77	63.1	1021	28	993	2.8	40532	3755	890	168	0	3	1467	3223	0
2016-03-15 10:40:56	241.18	181.02	1860.87	0.0	[0.8]	1000	369	923	77	63.1	1021	28	993	2.8	40532	3757	890	168	0	3	1467	3226	0
2016-03-15 10:41:02	241.2	181.09	1866.8	0.0	[1.5]	1000	369	923	77	63.1	1021	28	993	2.8	40532	3760	890	168	0	3	1467	3229	0
2016-03-15 10:41:08	241.21	181.13	1872.76	1.0	[1.0]	1000	369	923	77	63.1	1021	28	993	2.8	40532	3762	890	168	0	3	1467	3229	0
2016-03-15 10:41:14	241.65	181.45	1877.98	4.1	[13.4]	1000	427	864	135	57.2	1021	28	993	2.8	40584	3765	891	168	0	3	1467	3229	0
2016-03-15 10:41:20	241.98	181.76	1883.34	5.1	[11.0]	1000	434	858	142	56.6	1021	28	993	2.8	40599	3783	891	168	0	3	1467	3229	0
2016-03-15 10:41:26	242.76	182.18	1888.06	26.0	[23.7]	1000	431	861	139	56.9	1021	28	993	2.8	40599	3785	891	168	0	3	1467	3229	0
2016-03-15 10:41:32	243.35	182.7	1892.99	13.1	[16.4]	1000	430	862	138	56.9	1021	28	993	2.8	40659	3787	892	168	0	3	1469	3231	0
2016-03-15 10:41:38	243.77	183.16	1898.13	14.1	[14.8]	1000	431	862	138	56.9	1021	28	993	2.8	40659	3790	892	168	0	3	1469	3231	0
2016-03-15 10:41:44	244.27	183.61	1903.18	14.1	[16.0]	1000	431	862	138	56.9	1021	28	993	2.8	40659	3793	892	168	0	3	1469	3231	0
2016-03-15 10:41:50	244.73	184.08	1908.23	13.1	[15.4]	1000	431	862	138	56.9	1021	28	993	2.8	40659	3797	892	168	0	3	1469	3231	0
2016-03-15 10:41:56	245.16	184.51	1913.33	9.1	[13.9]	1000	431	862	138	56.9	1021	28	993	2.8	40659	3808	892	168	0	3	1469	3231	0
2016-03-15 10:42:02	245.55	184.93	1918.51	12.1	[14.0]	1000	431	862	138	56.9	1021	28	993	2.8	40659	3812	892	168	0	3	1469	3231	0
2016-03-15 10:42:08	246.06	185.35	1923.53	15.3	[16.2]	1000	431	862	138	56.9	1021	28	993	2.8	40659	3814	892	168	0	3	1469	3231	0
2016-03-15 10:42:14	246.56	185.83	1928.56	17.0	[16.6]	1000	431	862	138	56.9	1021	28	993	2.8	40659	3817	892	168	0	3	1469	3231	0
2016-03-15 10:42:20	247.08	186.38	1933.49	15.3	[17.6]	1000	431	862	138	56.9	1021	28	993	2.8	40659	3819	892	168	0	3	1469	3231	0
2016-03-15 10:42:26	247.54	186.89	1938.53	17.2	[16.4]	1000	431	862	138	56.9	1021	28	993	2.8	40659	3821	892	168	0	3	1469	3231	0
2016-03-15 10:42:33	248.1	187.3	1943.53	16.2	[16.2]	1000	431	862	138	56.9	1021	28	993	2.8	40659	3823	892	168	0	3	1469	3231	0
2016-03-15 10:42:39	248.64	187.8	1948.48	16.0	[17.3]	1000	431	862	138	56.9	1021	28	993	2.8	40659	3825	892	168	0	3	1469	3235	0
2016-03-15 10:42:45	249.16	188.31	1953.44	16.0	[17.2]	1000	431	862	138	56.9	1021	28	993	2.8	40659	3827	892	168	0	3	1469	3238	0
2016-03-15 10:42:51	249.68	188.8	1958.4	16.0	[17.1]	1000	431	862	138	56.9	1021	28	993	2.8	40659	3831	892	169	0	3	1469	3243	0
2016-03-15 10:42:57	250.25	189.23	1963.37	14.1	[16.6]	1000	431	862	138	56.9	1021	28	993	2.8	40659	3833	892	169	0	3	1469	3247	0
2016-03-15 10:43:03	250.79	189.67	1968.37	14.9	[16.5]	1000	431	862	138	56.9	1021	28	993	2.8	40660	3835	892	169	0	3	1469	3249	0
2016-03-15 10:43:09	251.29	190.11	1973.44	13.3	[15.4]	1000	431	862	138	56.9	1021	28	993	2.8	40660	3840	892	169	0	3	1469	3249	0
2016-03-15 10:43:15	251.76	190.58	1978.47	16.3	[16.2]	1000	431	862	138	56.9	1021	28	993	2.8	40660	3842	892	169	0	3	1469	3249	0
2016-03-15 10:43:21	252.19	191.08	1983.54	20.0	[16.1]	1000	431	862	138	56.9	1021	28	993	2.8	40660	3844	892	169	0	3	1469	3249	0
2016-03-15 10:43:27	252.67	191.62	1988.49	20.2	[17.3]	1000	431	862	138	56.9	1021	28	993	2.8	40660	3847	892	169	0	3	1469	3249	0
2016-03-15 10:43:33	253.12	192.1	1993.56	19.4	[15.4]	1000	431	862	138	56.9	1021	28	993	2.8	40660	3849	892	169	0	3	1469	3249	0
2016-03-15 10:43:39	253.6	192.59	1998.56	22.0	[16.7]	1000	431	862	138	56.9	1021	28	993	2.8	40660	3851	892	169	0	3	1469	3249	0
2016-03-15 10:43:45	254.05	193.14	2003.54	20.2	[16.6]	1000	431	862	138	56.9	1021	28	993	2.8	40660	3856	892	169	0	3	1469	3249	0
2016-03-15 10:43:51	254.56	193.64	2008.51	20.2	[16.9]	1000	431	862	138	56.9	1021	28	993	2.8	40660	3858	892	169	0	3	1469	3249	0
2016-03-15 10:43:57	255.05	194.17	2013.5	14.1	[16.0]	1000	431	862	138	56.9	1021	28	993	2.8	40660	3860	892	169	0	3	1469	3249	0
2016-03-15 10:44:03	255.54	194.66	2018.52	18.0	[17.0]	1000	431	862	138	56.9	1021	28	993	2.8	40660	3863	892	169	0	3	1469	3249	0
2016-03-15 10:44:09	256.1	195.15	2023.46	16.5	[17.6]	1000	431	862	138	56.9	1021	28	993	2.8	40660	3865	892	169	0	3	1469	3249	0
2016-03-15 10:44:15	256.69	195.53	2028.43	15.0	[15.9]	1000	431	862	138	56.9	1021	28	993	2.8	40660	3867	892	169	0	3	1469	3249	0
2016-03-15 10:44:21	257.2	196.0	2033.43	15.3	[16.6]	1000	431	862	138	56.9	1021	28	993	2.8	40660	3869	892	169	0	3	1469	3249	0
2016-03-15 10:44:27	257.62	196.5	2038.49	13.3	[15.2]	1000	431	862	138	56.9	1021	28	993	2.8	40660	3871	892	169	0	3	1469	3249	0
2016-03-15 10:44:33	258.11	196.96	2043.52	14.1	[16.0]	1000	431	862	138	56.9	1021	28	993	2.8	40660	3873	892	169	0	3	1469	3249	0
2016-03-15 10:44:40	258.65	197.38	2048.54	13.0	[16.0]	1000	431	862	138	56.9	1021	28	993	2.8	40660	3876	892	169	0	3	1469	3254	0
2016-03-15 10:44:46	259.14	197.85	2053.58	15.0	[16.3]	1000	431	862	138	56.9	1021	28	993	2.8	40660	3878	892	169	0	3	1469	3257	0
2016-03-15 10:44:52	259.87	198.32	2058.37	33.3	[23.2]	1000	431	862	138	56.9	1021	28	993	2.8	40660	3880	892	169	0	3	1469	3261	0
2016-03-15 10:44:58	260.88	198.92	2062.72	16.3	[24.2]	1000	431	836	164	56.9	1021	28	993	2.8	40660	3882	892	169	0	3	1469	3267	0
2016-03-15 10:45:04	261.78	199.52	2067.16	20.0	[25.8]	1000	431	839	161	56.9	1021	28	993	2.8	40660	3884	892	169	0	3	1469	3273	0
2016-03-15 10:45:10	262.82	200.33	2071.24	21.6	[31.6]	1000	431	839	160	56.9	1021	28	993	2.8	40660	3886	892	169	0	3	1469	3273	0
2016-03-15 10:45:16	263.45	200.8	2076.06	20.0	[18.3]	1000	431	842	158	56.9	1021	28	993	2.8	40660	3889	892	169	0	3	1469	3273	0
2016-03-15 10:45:22	264.38	201.46	2080.42	18.4	[26.6]	1000	431	855	144	56.9	1021	28	993	2.8	40660	3891	892	169	0	3	1469	3273	0
2016-03-15 10:45:28	264.99	201.91	2085.3	22.0	[18.5]	1000	431	855	144	56.9	1021	28	993	2.8	40660	3893	892	169	0	3	1469	3273	0
2016-03-15 10:45:34	265.62	202.45	2090.14	21.2	[19.5]	1000	431	855	144	56.9	1021	28	993	2.8	40660	3895	892	169	0	3	1469	3274	0
2016-03-15 10:45:40	266.14	202.96	2095.07	25.3	[18.0]	1000	431	855	144	56.9	1021	28	993	2.8	40660	3897	892	169	0	3	1469	3274	0
2016-03-15 10:45:46	266.88	203.58	2099.71	25.0	[22.8]	1000	431	855	144	56.9	1021	28	993	2.8	40660	3899	892	169	0	3	1469	3274	0
2016-03-15 10:45:52	267.57	204.09	2104.53	18.6	[19.0]	1000	431	855	144	56.9	1021	28	993	2.8	40660	3902	892	169	0	3	1469	3274	0
2016-03-15 10:45:58	268.24	204.59	2109.35	16.2	[19.1]	1000	431	855	144	56.9	1021	28	993	2.8	40660	3904	892	169	0	3	1469	3274	0
2016-03-15 10:46:04	269.32	205.12	2113.72	0.0	[24.4]	1000	434	853	147	56.6	1021	28	993	2.8	40660	3906	892	169	0	3	1469	3274	0
2016-03-15 10:46:10	269.34	205.16	2119.65	1.0	[1.2]	1000	434	853	147	56.6	1021	28	993	2.8	40660	3908	892	169	0	3	1469	3274	0
2016-03-15 10:46:16	270.02	205.4	2124.72	15.8	[17.9]	1000	431	855	144	56.8	1021	28	993	2.8	40660	3910	892	169	0	3	1469	3274	0
2016-03-15 10:46:22	270.73	205.98	2129.46	27.1	[23.4]	1000	431	855	144	56.8	1021	28	993	2.8	40660	3912	892	169	0	3	1469	3274	0
2016-03-15 10:46:28	271.76	206.52	2133.89	23.2	[25.5]	1000	431	855	144	56.8	1021	28	993	2.8	40660	3916	892	169	0	3	1469	3274	0
2016-03-15 10:46:34	272.63	207.05	2138.47	19.4	[22.8]	1000	431	855	144	56.8	1021	28	993	2.8	40660	3918	892	169	0	3	1469	3274	0
2016-03-15 10:46:40	273.39	207.62	2143.04	26.0	[23.6]	1000	431	855	144	56.8	1021	28	993	2.8	40660	3920	892	169	0	3	1469	3280	0
2016-03-15 10:46:46	274.44	208.26	2147.38	32.7	[29.4]	1000	431	855	144	56.8	1021	28	993	2.8	40660	3924	892	169	0	3	1469	3283	0
2016-03-15 10:46:52	275.36	208.88	2151.84	23.0	[24.1]	1000	431	855	144	56.8	1021	28	993	2.8	40660	3926	892	169	0	3	1469	3286	0
2016-03-15 10:46:58	276.26	209.48	2156.31	23.5	[25.5]	1000	431	855	144	56.8	1021	28	993	2.8	40660	3928	892	169	0	3	1469	3292	0
2016-03-15 10:47:05	276.72	209.87	2161.44	37.0	[16.4]	1000	431	848	151	56.9	1021	28	993	2.8	40660	3931	892	169	0	3	1469	3292	0
2016-03-15 10:47:11	277.58	210.39	2166.1	33.0	[22.3]	1000	431	840	160	56.9	1021	28	993	2.8	40660	3933	892	169	0	3	1469	3292	0
