time	cpu_times.user	cpu_times.system	cpu_times.idle	cpu_percent(%)	cpu_percent_per_cpu	mem_virtual.total(Mbyte)	mem_virtual.available(Mbyte)	mem_virtual.used(Mbyte)	mem_virtual.free(Mbyte)	mem_virtual.percent(%)	mem_swap.total(Mbyte)	mem_swap.used(Mbyte)	mem_swap.free(Mbyte)	mem_swap.percent(%)	disk_io.read_count	disk_io.write_count	disk_io.read(Mbyte)	disk_io.write(Mbyte)	net_io.sent(Mbyte)	net_io.recv(Mbyte)	net_io.packets_sent	net_io_counters.packets_recv	net_port_counter(80 443 8080)
2016-03-15 10:50:29	300.73	226.22	2323.74	46.5	[13.9]	1049284608	456515584	882683904	166600704	56.5	1071640576	29630464	1042010112	2.8	41055	4045	938912768	178991104	114788	3756609	1492	3333	0
2016-03-15 10:50:35	302.82	227.72	2326.08	8.0	[54.1]	1049284608	404381696	936873984	112410624	61.5	1071640576	29630464	1042010112	2.8	41062	4070	939006976	179310592	115921	3757802	1502	3344	0
2016-03-15 10:50:41	304.47	228.64	2329.56	88.1	[55.7]	1049284608	392007680	949395456	99889152	62.6	1071640576	29630464	1042010112	2.8	41062	4080	939006976	179617792	117053	3759234	1512	3359	0
2016-03-15 10:50:47	306.31	229.29	2333.07	0.0	[26.8]	1049284608	398991360	942632960	106651648	62.0	1071640576	29630464	1042010112	2.8	41062	4090	939006976	179806208	118185	3760606	1522	3373	0
2016-03-15 10:50:53	307.24	229.94	2337.48	27.0	[30.9]	1049284608	456249344	916844544	132440064	56.5	1071640576	29630464	1042010112	2.8	41062	4093	939006976	179879936	119317	3761918	1532	3386	0
2016-03-15 10:50:59	308.26	230.97	2341.46	32.7	[34.9]	1049284608	456368128	904544256	144740352	56.5	1071640576	29630464	1042010112	2.8	41062	4129	939006976	180142080	120450	3763351	1542	3401	0
2016-03-15 10:51:05	309.28	231.64	2345.78	21.8	[26.4]	1049284608	456220672	904994816	144289792	56.5	1071640576	29630464	1042010112	2.8	41062	4137	939006976	180195328	121696	3764597	1554	3413	0
2016-03-15 10:51:11	309.99	232.13	2350.57	21.8	[20.0]	1049284608	456220672	904994816	144289792	56.5	1071640576	29630464	1042010112	2.8	41062	4137	939006976	180195328	122716	3765617	1562	3421	0
2016-03-15 10:51:17	310.76	232.65	2355.26	16.0	[20.6]	1049284608	456224768	904998912	144285696	56.5	1071640576	29630464	1042010112	2.8	41062	4139	939006976	180207616	123849	3766750	1572	3431	0
2016-03-15 10:51:23	311.4	233.13	2360.16	16.2	[18.9]	1049284608	456237056	904994816	144289792	56.5	1071640576	29630464	1042010112	2.8	41062	4141	939006976	180219904	124982	3767883	1582	3441	0
2016-03-15 10:51:29	312.08	233.57	2365.02	15.8	[18.7]	1049284608	456245248	904994816	144289792	56.5	1071640576	29630464	1042010112	2.8	41062	4159	939006976	180314112	126114	3769015	1592	3451	0
2016-03-15 10:51:35	313.08	234.28	2369.35	15.2	[28.2]	1049284608	456146944	905166848	144117760	56.5	1071640576	29630464	1042010112	2.8	41062	4162	939006976	180330496	127247	3770148	1602	3461	0
2016-03-15 10:51:41	313.9	234.8	2373.96	22.4	[23.7]	1049284608	456155136	905166848	144117760	56.5	1071640576	29630464	1042010112	2.8	41062	4164	939006976	180342784	128380	3771281	1612	3471	0
2016-03-15 10:51:47	314.62	235.25	2378.74	21.2	[19.6]	1049284608	456163328	905166848	144117760	56.5	1071640576	29630464	1042010112	2.8	41062	4166	939006976	180355072	129511	3772412	1622	3481	0
2016-03-15 10:51:53	315.46	235.77	2383.32	46.5	[27.2]	1049284608	456171520	905166848	144117760	56.5	1071640576	29630464	1042010112	2.8	41062	4168	939006976	180367360	130644	3773545	1632	3491	0
2016-03-15 10:51:59	316.45	236.6	2387.48	30.6	[28.1]	1049284608	454762496	907145216	142139392	56.7	1071640576	29630464	1042010112	2.8	41180	4170	939641856	180379648	131777	3774678	1642	3501	0
2016-03-15 10:52:06	317.1	237.44	2391.99	17.0	[22.7]	1049284608	445779968	916140032	133144576	57.5	1071640576	29630464	1042010112	2.8	41180	4178	939641856	180453376	132909	3775810	1652	3511	0
2016-03-15 10:52:12	317.37	237.79	2397.4	5.1	[8.3]	1049284608	445661184	916267008	133017600	57.5	1071640576	29630464	1042010112	2.8	41180	4179	939641856	180457472	134041	3776942	1662	3521	0
2016-03-15 10:52:18	317.62	238.03	2402.92	23.3	[11.2]	1049284608	445538304	916398080	132886528	57.5	1071640576	29630464	1042010112	2.8	41180	4181	939641856	180498432	135171	3778072	1672	3531	0
2016-03-15 10:52:24	318.86	239.49	2406.3	98.0	[56.9]	1049284608	406564864	955551744	93732864	61.3	1071640576	29626368	1042014208	2.8	41181	4210	939645952	180875264	136304	3779205	1682	3541	0
2016-03-15 10:52:30	321.46	241.09	2408.06	84.2	[68.2]	1049284608	387362816	960139264	89145344	63.1	1071640576	40202240	1031438336	3.8	41181	4249	939645952	191750144	137435	3780336	1692	3551	0
2016-03-15 10:52:36	323.12	241.94	2411.54	2.0	[28.0]	1049284608	393535488	954327040	94957568	62.5	1071640576	40202240	1031438336	3.8	41181	4263	939645952	191954944	138680	3781701	1704	3565	0
2016-03-15 10:52:42	323.14	242.01	2417.48	24.0	[5.5]	1049284608	393441280	954429440	94855168	62.5	1071640576	40202240	1031438336	3.8	41181	4294	939645952	192176128	139698	3782959	1712	3577	0
2016-03-15 10:52:48	323.78	242.38	2422.45	57.8	[22.5]	1049284608	393068544	954802176	94482432	62.5	1071640576	40202240	1031438336	3.8	41181	4296	939645952	192184320	140829	3784390	1722	3592	0
2016-03-15 10:52:54	324.98	243.42	2426.2	51.5	[36.2]	1049284608	454336512	892366848	156917760	56.7	1071640576	40202240	1031438336	3.8	41181	4301	939645952	192348160	142303	3786224	1733	3609	0
2016-03-15 10:53:00	325.74	243.68	2431.18	1.0	[8.7]	1049284608	457281536	889917440	159367168	56.4	1071640576	40202240	1031438336	3.8	41181	4309	939645952	192393216	143477	3787776	1744	3626	0
2016-03-15 10:53:06	327.15	244.31	2435.14	2.0	[34.1]	1049284608	454377472	893071360	156213248	56.7	1071640576	40202240	1031438336	3.8	41181	4309	939645952	192393216	144608	3789267	1754	3642	0
2016-03-15 10:53:12	327.47	244.59	2440.51	55.4	[19.2]	1049284608	454344704	893120512	156164096	56.7	1071640576	40202240	1031438336	3.8	41181	4314	939645952	192430080	145740	3790639	1764	3656	0
2016-03-15 10:53:18	328.71	245.2	2444.59	22.8	[25.8]	1049284608	454864896	892891136	156393472	56.6	1071640576	40202240	1031438336	3.8	41181	4316	939645952	192446464	146873	3791772	1774	3666	0
2016-03-15 10:53:24	329.56	245.77	2449.16	14.3	[22.3]	1049284608	454864896	892891136	156393472	56.6	1071640576	40202240	1031438336	3.8	41181	4337	939645952	192548864	148005	3792904	1784	3676	0
2016-03-15 10:53:30	330.25	246.27	2453.99	18.2	[20.4]	1049284608	454873088	892891136	156393472	56.6	1071640576	40202240	1031438336	3.8	41181	4341	939645952	192569344	149138	3794037	1794	3686	0
2016-03-15 10:53:36	331.17	246.85	2458.46	21.4	[25.7]	1049284608	454365184	864378880	184905728	56.7	1071640576	40202240	1031438336	3.8	41181	4343	939645952	192581632	150271	3795170	1804	3696	0
2016-03-15 10:53:42	331.86	247.33	2463.22	23.2	[20.2]	1049284608	454373376	864378880	184905728	56.7	1071640576	40202240	1031438336	3.8	41181	4347	939645952	192606208	151404	3796303	1814	3706	0
2016-03-15 10:53:48	332.62	247.78	2468.0	19.2	[19.5]	1049284608	454774784	870260736	179023872	56.7	1071640576	40202240	1031438336	3.8	41181	4349	939645952	192618496	152537	3797436	1824	3716	0
2016-03-15 10:53:54	333.37	248.29	2472.75	18.0	[20.9]	1049284608	454782976	870260736	179023872	56.7	1071640576	40202240	1031438336	3.8	41181	4351	939645952	192630784	153669	3798568	1834	3726	0
2016-03-15 10:54:00	334.11	248.77	2477.53	20.2	[20.8]	1049284608	454791168	870260736	179023872	56.7	1071640576	40202240	1031438336	3.8	41181	4354	939645952	192647168	154802	3799701	1844	3736	0
2016-03-15 10:54:06	334.94	249.19	2482.27	25.5	[21.7]	1049284608	454672384	870387712	178896896	56.7	1071640576	40202240	1031438336	3.8	41181	4356	939645952	192659456	155935	3800834	1854	3746	0
2016-03-15 10:54:12	335.75	249.78	2486.76	27.3	[24.3]	1049284608	454684672	870514688	178769920	56.7	1071640576	40202240	1031438336	3.8	41181	4366	939645952	192806912	157068	3801967	1864	3756	0
2016-03-15 10:54:18	336.55	250.3	2491.43	15.3	[19.9]	1049284608	454692864	870514688	178769920	56.7	1071640576	40202240	1031438336	3.8	41181	4366	939645952	192806912	158201	3803100	1874	3766	0
2016-03-15 10:54:24	337.21	250.74	2496.26	28.8	[20.9]	1049284608	454701056	870514688	178769920	56.7	1071640576	40202240	1031438336	3.8	41181	4368	939645952	192819200	159333	3804232	1884	3776	0
2016-03-15 10:54:30	338.1	251.37	2500.76	22.0	[24.2]	1049284608	454586368	870641664	178642944	56.7	1071640576	40202240	1031438336	3.8	41181	4370	939645952	192831488	160466	3805365	1894	3786	0
2016-03-15 10:54:36	338.98	252.05	2505.21	21.0	[26.0]	1049284608	454602752	870641664	178642944	56.7	1071640576	40202240	1031438336	3.8	41181	4384	939645952	192954368	161598	3806497	1904	3796	0
2016-03-15 10:54:42	339.7	252.57	2509.95	20.8	[20.7]	1049284608	454483968	870768640	178515968	56.7	1071640576	40202240	1031438336	3.8	41181	4386	939645952	193003520	162731	3807630	1914	3806	0
2016-03-15 10:54:48	340.5	253.02	2514.66	22.0	[21.3]	1049284608	454356992	870895616	178388992	56.7	1071640576	40202240	1031438336	3.8	41181	4386	939645952	193003520	163863	3808762	1924	3816	0
2016-03-15 10:55:21	345.05	255.71	2539.34	5.0	[25.7]	1000	431	846	154	56.9	1021	38	983	3.8	41188	4414	896	184	0	3	1944	3857	0
2016-03-15 10:55:27	345.16	255.8	2545.15	2.0	[2.7]	1000	436	841	159	56.4	1021	38	983	3.8	41188	4417	896	184	0	3	1954	3867	0
2016-03-15 10:55:33	345.26	255.86	2551.0	0.0	[2.3]	1000	436	841	159	56.4	1021	38	983	3.8	41188	4420	896	184	0	3	1964	3877	0
2016-03-15 10:55:39	345.44	255.99	2556.69	29.8	[10.1]	1000	433	844	156	56.7	1021	38	983	3.8	41188	4429	896	184	0	3	1974	3887	0
2016-03-15 10:55:45	347.8	257.84	2558.51	43.4	[71.7]	1000	374	904	96	62.6	1021	38	983	3.8	41226	4456	896	184	0	3	1984	3897	0
2016-03-15 10:55:51	351.23	259.66	2559.25	16.0	[83.0]	1000	373	906	94	62.7	1021	38	983	3.8	41226	4477	896	185	0	3	1994	3907	0
2016-03-15 10:55:57	352.51	260.49	2563.14	5.0	[33.3]	1000	373	905	94	62.6	1021	38	983	3.8	41226	4480	896	185	0	3	2004	3917	0
2016-03-15 10:56:03	354.04	261.39	2566.69	30.6	[45.0]	1000	433	844	155	56.7	1021	38	983	3.8	41226	4483	896	185	0	3	2014	3927	0
2016-03-15 10:56:09	355.01	261.98	2571.13	3.0	[21.4]	1000	435	842	158	56.4	1021	38	983	3.8	41226	4485	896	185	0	3	2024	3937	0
2016-03-15 10:56:15	355.14	262.09	2576.91	2.0	[3.8]	1000	435	842	158	56.4	1021	38	983	3.8	41226	4515	896	185	0	3	2034	3947	0
2016-03-15 10:56:21	355.2	262.15	2582.79	1.0	[1.8]	1000	435	842	158	56.4	1021	38	983	3.8	41226	4519	896	185	0	3	2044	3957	0
2016-03-15 10:56:27	355.22	262.18	2588.75	14.4	[3.0]	1000	435	842	158	56.4	1021	38	983	3.8	41226	4521	896	185	0	3	2056	3969	0
2016-03-15 10:56:33	355.3	262.28	2594.56	1.0	[0.8]	1000	435	842	158	56.4	1021	38	983	3.8	41226	4524	896	185	0	3	2066	3979	0
2016-03-15 10:56:39	355.32	262.3	2600.52	0.0	[0.5]	1000	435	842	158	56.4	1021	38	983	3.8	41226	4526	896	185	0	3	2074	3987	0
2016-03-15 10:56:45	355.33	262.32	2606.51	0.0	[0.5]	1000	435	842	158	56.4	1021	38	983	3.8	41226	4528	896	185	0	3	2084	3997	0
2016-03-15 10:56:51	355.34	262.35	2612.48	1.0	[0.8]	1000	435	842	158	56.4	1021	38	983	3.8	41226	4531	896	185	0	3	2094	4007	0
2016-03-15 10:56:57	355.35	262.39	2618.44	1.0	[0.8]	1000	435	842	158	56.4	1021	38	983	3.8	41226	4533	896	185	0	3	2104	4023	0
2016-03-15 10:57:03	355.36	262.42	2624.41	1.0	[0.8]	1000	435	842	158	56.4	1021	38	983	3.8	41226	4535	896	185	0	3	2114	4036	0
2016-03-15 10:57:09	355.37	262.46	2630.37	2.0	[1.0]	1000	435	842	158	56.4	1021	38	983	3.8	41226	4538	896	185	0	3	2124	4049	0
2016-03-15 10:57:15	355.39	262.5	2636.32	0.0	[0.8]	1000	436	842	158	56.4	1021	38	983	3.8	41226	4540	896	185	0	3	2134	4065	0
2016-03-15 10:57:21	355.4	262.52	2642.28	1.0	[0.7]	1000	436	842	158	56.4	1021	38	983	3.8	41226	4542	896	185	0	3	2144	4075	0
2016-03-15 10:57:27	355.41	262.56	2648.24	1.0	[1.0]	1000	436	842	158	56.4	1021	38	983	3.8	41226	4544	896	185	0	3	2154	4085	0
2016-03-15 10:57:33	355.41	262.59	2654.2	0.0	[0.7]	1000	435	842	158	56.4	1021	38	983	3.8	41226	4546	896	185	0	3	2166	4098	0
2016-03-15 10:57:39	355.43	262.63	2660.15	1.0	[1.2]	1000	435	842	158	56.4	1021	38	983	3.8	41226	4548	896	185	0	3	2176	4108	0
2016-03-15 10:57:45	355.44	262.65	2666.1	1.0	[0.5]	1000	436	842	158	56.4	1021	38	983	3.8	41226	4551	896	185	0	3	2184	4116	0
2016-03-15 10:57:51	355.45	262.69	2672.06	1.0	[0.8]	1000	436	842	158	56.4	1021	38	983	3.8	41226	4553	896	185	0	3	2194	4126	0
2016-03-15 10:57:57	355.46	262.72	2678.02	1.0	[0.8]	1000	436	842	158	56.4	1021	38	983	3.8	41226	4555	896	185	0	3	2206	4138	0
2016-03-15 10:58:03	355.5	262.76	2683.95	1.0	[1.3]	1000	436	842	158	56.4	1021	38	983	3.8	41226	4557	896	185	0	3	2216	4148	0
2016-03-15 10:58:09	355.52	262.8	2689.9	0.0	[1.0]	1000	436	842	158	56.4	1021	38	983	3.8	41227	4562	896	185	0	3	2224	4156	0
2016-03-15 10:58:16	355.53	262.82	2695.86	0.0	[0.7]	1000	436	842	158	56.4	1021	38	983	3.8	41227	4564	896	185	0	3	2234	4166	0
2016-03-15 10:58:22	355.54	262.86	2701.83	0.0	[0.8]	1000	436	842	158	56.4	1021	38	983	3.8	41227	4566	896	185	0	3	2244	4176	0
2016-03-15 10:58:28	355.56	262.89	2707.79	0.0	[1.2]	1000	436	842	158	56.4	1021	38	983	3.8	41227	4568	896	185	0	3	2256	4188	0
2016-03-15 10:58:34	355.57	262.92	2713.75	1.0	[0.7]	1000	436	842	158	56.4	1021	38	983	3.8	41227	4570	896	185	0	3	2264	4196	0
2016-03-15 10:58:40	355.59	262.95	2719.7	2.0	[1.0]	1000	436	842	158	56.4	1021	38	983	3.8	41227	4575	896	185	0	3	2274	4206	0
2016-03-15 10:58:46	355.61	262.98	2725.66	2.0	[1.2]	1000	436	842	158	56.4	1021	38	983	3.8	41227	4579	896	185	0	3	2284	4216	0
2016-03-15 10:58:52	355.62	263.02	2731.61	0.0	[0.7]	1000	436	842	158	56.4	1021	38	983	3.8	41227	4581	896	185	0	3	2294	4227	0
2016-03-15 10:58:58	355.64	263.06	2737.57	0.0	[1.0]	1000	436	842	158	56.4	1021	38	983	3.8	41227	4584	896	185	0	3	2304	4242	0
2016-03-15 10:59:04	355.66	263.1	2743.5	1.0	[1.0]	1000	436	842	158	56.4	1021	38	983	3.8	41227	4586	896	185	0	3	2314	4256	0
2016-03-15 10:59:10	355.67	263.13	2749.45	1.0	[1.0]	1000	436	842	158	56.4	1021	38	983	3.8	41227	4588	896	185	0	3	2324	4269	0
2016-03-15 10:59:16	355.68	263.17	2755.4	0.0	[0.7]	1000	436	842	158	56.4	1021	38	983	3.8	41227	4591	896	185	0	3	2334	4284	0
2016-03-15 10:59:22	355.68	263.21	2761.36	1.0	[1.0]	1000	436	842	158	56.4	1021	38	983	3.8	41227	4593	896	186	0	3	2344	4294	0
2016-03-15 10:59:28	355.69	263.26	2767.32	1.0	[1.0]	1000	436	842	158	56.4	1021	38	983	3.8	41227	4595	896	186	0	3	2354	4304	0
2016-03-15 10:59:34	355.7	263.29	2773.28	0.0	[0.8]	1000	436	842	158	56.4	1021	38	983	3.8	41227	4598	896	186	0	3	2364	4314	0
2016-03-15 10:59:40	355.71	263.35	2779.23	1.0	[1.2]	1000	436	842	158	56.4	1021	38	983	3.8	41227	4600	896	186	0	3	2374	4324	0
2016-03-15 10:59:46	355.73	263.37	2785.18	1.0	[0.8]	1000	436	842	158	56.4	1021	38	983	3.8	41227	4602	896	186	0	3	2384	4334	0
2016-03-15 10:59:52	355.74	263.4	2791.14	2.0	[0.8]	1000	436	842	158	56.4	1021	38	983	3.8	41227	4604	896	186	0	3	2396	4346	0
2016-03-15 10:59:58	355.76	263.44	2797.11	0.0	[0.8]	1000	436	842	158	56.4	1021	38	983	3.8	41227	4606	896	186	0	3	2404	4354	0
2016-03-15 11:00:04	355.79	263.5	2803.04	1.0	[1.7]	1000	436	842	158	56.4	1021	38	983	3.8	41227	4608	896	186	0	3	2414	4364	0
2016-03-15 11:00:10	355.8	263.54	2808.99	1.0	[1.2]	1000	436	842	158	56.4	1021	38	983	3.8	41227	4611	896	186	0	3	2426	4376	0
2016-03-15 11:00:16	355.82	263.56	2814.96	0.0	[0.8]	1000	436	842	158	56.4	1021	38	983	3.8	41227	4613	896	186	0	3	2434	4384	0
2016-03-15 11:00:22	355.83	263.6	2820.92	3.0	[1.2]	1000	436	842	158	56.4	1021	38	983	3.8	41227	4615	896	186	0	3	2446	4396	0
2016-03-15 11:00:28	355.85	263.64	2826.88	1.0	[0.8]	1000	436	842	158	56.4	1021	38	983	3.8	41227	4617	896	186	0	3	2456	4406	0
2016-03-15 11:00:34	355.86	263.67	2832.83	0.0	[0.7]	1000	436	842	158	56.4	1021	38	983	3.8	41227	4619	896	186	0	3	2464	4414	0
2016-03-15 11:00:40	355.88	263.7	2838.79	1.0	[1.0]	1000	436	842	158	56.4	1021	38	983	3.8	41227	4621	896	186	0	3	2474	4424	0
2016-03-15 11:00:46	355.89	263.73	2844.75	2.0	[1.0]	1000	436	842	158	56.4	1021	38	983	3.8	41227	4624	896	186	0	3	2484	4434	0
2016-03-15 11:00:52	355.9	263.77	2850.71	1.0	[0.8]	1000	436	842	158	56.4	1021	38	983	3.8	41227	4626	896	186	0	3	2494	4446	0
2016-03-15 11:00:58	355.92	263.8	2856.66	0.0	[0.7]	1000	436	842	158	56.4	1021	38	983	3.8	41227	4628	896	186	0	3	2506	4462	0
2016-03-15 11:01:04	355.97	263.84	2862.6	1.0	[1.7]	1000	436	842	158	56.4	1021	38	983	3.8	41227	4630	896	186	0	3	2514	4475	0
2016-03-15 11:01:10	355.99	263.87	2868.54	1.0	[1.0]	1000	436	842	158	56.4	1021	38	983	3.8	41227	4632	896	186	0	3	2526	4490	0
2016-03-15 11:01:17	356.02	263.89	2874.5	1.0	[1.0]	1000	436	842	158	56.4	1021	38	983	3.8	41227	4634	896	186	0	3	2534	4502	0
2016-03-15 11:01:23	356.04	263.92	2880.46	1.0	[0.8]	1000	436	842	158	56.4	1021	38	983	3.8	41227	4638	896	186	0	3	2544	4512	0
2016-03-15 11:01:29	356.06	263.96	2886.42	1.0	[1.0]	1000	436	842	158	56.4	1021	38	983	3.8	41227	4640	896	186	0	3	2554	4522	0
2016-03-15 11:01:35	356.06	264.0	2892.38	1.0	[0.8]	1000	436	842	158	56.4	1021	38	983	3.8	41227	4642	896	186	0	3	2564	4532	0
2016-03-15 11:01:41	356.08	264.01	2898.34	0.0	[0.7]	1000	436	842	158	56.4	1021	38	983	3.8	41227	4647	896	186	0	3	2576	4544	0
2016-03-15 11:01:47	356.1	264.05	2904.3	0.0	[1.0]	1000	436	842	158	56.4	1021	38	983	3.8	41227	4649	896	186	0	3	2586	4554	0
2016-03-15 11:01:53	356.1	264.1	2910.26	2.0	[1.0]	1000	436	842	158	56.4	1021	38	983	3.8	41227	4651	896	186	0	3	2594	4562	0
2016-03-15 11:01:59	356.12	264.14	2916.21	4.0	[1.5]	1000	436	842	158	56.4	1021	38	983	3.8	41227	4654	896	186	0	3	2604	4572	0
2016-03-15 11:02:05	356.15	264.18	2922.14	0.0	[0.7]	1000	436	842	158	56.4	1021	38	983	3.8	41227	4656	896	186	0	3	2614	4582	0
2016-03-15 11:02:11	356.17	264.2	2928.09	1.0	[0.8]	1000	436	842	158	56.4	1021	38	983	3.8	41227	4658	896	186	0	3	2624	4592	0
2016-03-15 11:02:17	356.19	264.22	2934.06	0.0	[0.7]	1000	436	842	158	56.4	1021	38	983	3.8	41227	4660	896	186	0	3	2634	4602	0
2016-03-15 11:02:23	356.21	264.24	2940.02	2.0	[1.0]	1000	436	842	158	56.4	1021	38	983	3.8	41227	4662	896	186	0	3	2644	4612	0
2016-03-15 11:02:29	356.22	264.27	2945.98	0.0	[0.7]	1000	436	842	158	56.4	1021	38	983	3.8	41227	4664	896	186	0	3	2654	4622	0
2016-03-15 11:02:35	356.24	264.31	2951.94	1.0	[1.2]	1000	436	842	158	56.4	1021	38	983	3.8	41227	4667	896	186	0	3	2664	4632	0
2016-03-15 11:02:41	356.25	264.35	2957.89	2.0	[1.2]	1000	436	842	158	56.4	1021	38	983	3.8	41227	4669	896	186	0	3	2674	4642	0
2016-03-15 11:02:47	356.26	264.39	2963.85	3.0	[1.2]	1000	436	842	158	56.4	1021	38	983	3.8	41227	4671	896	186	0	3	2684	4652	0
2016-03-15 11:02:53	356.26	264.43	2969.78	1.0	[0.5]	1000	437	841	158	56.3	1021	38	983	3.7	41330	4673	897	186	0	3	2694	4665	0
2016-03-15 11:02:59	356.28	264.47	2975.73	3.0	[1.5]	1000	437	841	158	56.3	1021	38	983	3.7	41330	4675	897	186	0	3	2704	4678	0
2016-03-15 11:03:05	356.3	264.53	2981.66	1.0	[1.2]	1000	437	841	158	56.3	1021	38	983	3.7	41330	4677	897	186	0	3	2716	4696	0
2016-03-15 11:03:11	356.31	264.57	2987.61	1.0	[0.8]	1000	437	841	158	56.3	1021	38	983	3.7	41330	4680	897	186	0	3	2724	4707	0
2016-03-15 11:03:17	356.32	264.6	2993.57	2.0	[0.8]	1000	437	841	158	56.3	1021	38	983	3.7	41330	4682	897	186	0	3	2734	4720	0
2016-03-15 11:03:23	356.33	264.65	2999.53	1.0	[1.0]	1000	437	841	158	56.3	1021	38	983	3.7	41330	4685	897	186	0	3	2744	4730	0
2016-03-15 11:03:29	356.35	264.68	3005.49	0.0	[0.8]	1000	437	841	158	56.3	1021	38	983	3.7	41330	4689	897	186	0	3	2754	4740	0
2016-03-15 11:03:35	356.36	264.73	3011.45	1.0	[1.2]	1000	437	841	158	56.3	1021	38	983	3.7	41330	4691	897	186	0	3	2764	4750	0
2016-03-15 11:03:41	356.39	264.76	3017.41	1.0	[1.0]	1000	437	841	158	56.3	1021	38	983	3.7	41330	4693	897	186	0	3	2774	4760	0
2016-03-15 11:03:47	356.4	264.79	3023.37	2.0	[0.8]	1000	437	841	158	56.3	1021	38	983	3.7	41330	4696	897	186	0	3	2784	4770	0
2016-03-15 11:03:53	356.42	264.84	3029.34	2.0	[1.3]	1000	437	841	158	56.3	1021	38	983	3.7	41330	4698	897	186	0	3	2794	4780	0
2016-03-15 11:03:59	356.44	264.87	3035.29	4.0	[1.3]	1000	437	841	158	56.3	1021	38	983	3.7	41330	4700	897	186	0	3	2806	4792	0
2016-03-15 11:04:05	356.47	264.93	3041.22	1.0	[1.2]	1000	437	841	158	56.3	1021	38	983	3.7	41330	4703	897	186	0	3	2816	4802	0
2016-03-15 11:04:11	356.49	264.96	3047.18	1.0	[0.8]	1000	437	841	158	56.3	1021	38	983	3.7	41330	4705	897	186	0	3	2824	4810	0
2016-03-15 11:04:17	356.52	264.97	3053.14	1.0	[0.8]	1000	437	841	158	56.3	1021	38	983	3.7	41330	4707	897	186	0	3	2834	4820	0
2016-03-15 11:04:24	356.54	265.0	3059.09	1.0	[0.8]	1000	437	841	158	56.3	1021	38	983	3.7	41330	4710	897	186	0	3	2844	4830	0
2016-03-15 11:04:30	356.58	265.08	3064.98	1.0	[2.2]	1000	437	842	158	56.3	1021	38	983	3.7	41331	4712	897	186	0	3	2855	4841	0
2016-03-15 11:04:36	356.59	265.11	3070.94	2.0	[1.0]	1000	437	842	158	56.3	1021	38	983	3.7	41331	4714	897	186	0	3	2866	4852	0
2016-03-15 11:04:42	356.61	265.16	3076.89	0.0	[0.8]	1000	437	841	158	56.3	1021	38	983	3.7	41331	4718	897	186	0	3	2876	4862	0
2016-03-15 11:04:48	356.62	265.18	3082.85	1.0	[0.8]	1000	437	841	158	56.3	1021	38	983	3.7	41331	4720	897	186	0	3	2886	4872	0
2016-03-15 11:04:54	356.64	265.21	3088.81	0.0	[0.8]	1000	437	841	158	56.3	1021	38	983	3.7	41331	4722	897	186	0	3	2896	4886	0
2016-03-15 11:05:00	356.67	265.26	3094.73	0.0	[1.2]	1000	437	841	158	56.3	1021	38	983	3.7	41331	4726	897	186	0	3	2906	4899	0
2016-03-15 11:05:06	356.68	265.28	3100.69	2.0	[0.8]	1000	437	841	158	56.3	1021	38	983	3.7	41331	4731	897	186	0	3	2916	4914	0
2016-03-15 11:05:12	356.7	265.31	3106.64	1.0	[1.0]	1000	437	842	158	56.3	1021	38	983	3.7	41331	4733	897	186	0	3	2926	4929	0
2016-03-15 11:05:18	356.72	265.36	3112.6	0.0	[1.0]	1000	437	842	158	56.3	1021	38	983	3.7	41331	4739	897	186	0	3	2936	4943	0
2016-03-15 11:05:24	356.73	265.4	3118.56	1.0	[1.0]	1000	437	842	158	56.3	1021	38	983	3.7	41331	4741	897	186	0	3	2946	4953	0
2016-03-15 11:05:30	356.73	265.44	3124.52	0.0	[0.7]	1000	437	842	158	56.3	1021	38	983	3.7	41331	4743	897	186	0	3	2956	4963	0
2016-03-15 11:05:36	356.74	265.46	3130.49	2.0	[0.8]	1000	437	842	158	56.3	1021	38	983	3.7	41331	4746	897	186	0	3	2966	4973	0
2016-03-15 11:05:42	356.77	265.48	3136.44	1.0	[0.8]	1000	437	842	158	56.3	1021	38	983	3.7	41331	4748	897	186	0	3	2978	4985	0
2016-03-15 11:05:48	356.78	265.51	3142.4	0.0	[0.7]	1000	437	842	158	56.3	1021	38	983	3.7	41331	4750	897	186	0	3	2986	4993	0
2016-03-15 11:05:54	356.8	265.54	3148.36	1.0	[1.0]	1000	437	842	158	56.3	1021	38	983	3.7	41331	4752	897	186	0	3	2996	5003	0
2016-03-15 11:06:00	356.83	265.59	3154.29	2.0	[1.7]	1000	437	842	158	56.3	1021	38	983	3.7	41331	4755	897	186	0	3	3006	5013	0
2016-03-15 11:06:06	356.84	265.61	3160.25	0.0	[0.5]	1000	437	842	158	56.3	1021	38	983	3.7	41331	4757	897	186	0	3	3016	5023	0
2016-03-15 11:06:12	356.86	265.64	3166.2	2.9	[1.2]	1000	437	842	158	56.3	1021	38	983	3.7	41331	4760	897	186	0	3	3026	5033	0
2016-03-15 11:06:18	356.88	265.68	3172.16	2.0	[1.0]	1000	437	842	158	56.3	1021	38	983	3.7	41331	4762	897	186	0	3	3036	5043	0
2016-03-15 11:06:24	356.88	265.74	3178.12	1.0	[1.0]	1000	437	842	158	56.3	1021	38	983	3.7	41331	4764	897	187	0	3	3048	5055	0
2016-03-15 11:06:30	356.89	265.76	3184.08	1.0	[0.5]	1000	437	842	158	56.3	1021	38	983	3.7	41331	4766	897	187	0	3	3056	5063	0
2016-03-15 11:06:36	356.9	265.8	3190.04	1.0	[0.8]	1000	437	842	158	56.3	1021	38	983	3.7	41331	4768	897	187	0	3	3066	5073	0
2016-03-15 11:06:42	356.91	265.84	3196.0	0.0	[0.8]	1000	437	842	158	56.3	1021	38	983	3.7	41331	4770	897	187	0	3	3076	5083	0
2016-03-15 11:06:48	356.94	265.88	3201.96	2.0	[1.5]	1000	437	842	158	56.3	1021	38	983	3.7	41331	4773	897	187	0	3	3088	5095	0
2016-03-15 11:06:54	356.95	265.91	3207.91	0.0	[0.5]	1000	437	842	158	56.3	1021	38	983	3.7	41331	4775	897	187	0	3	3096	5108	0
2016-03-15 11:07:00	356.98	265.95	3213.83	1.0	[1.3]	1000	437	842	158	56.3	1021	38	983	3.7	41331	4777	897	187	0	3	3106	5121	0
2016-03-15 11:07:06	357.0	265.98	3219.79	2.0	[1.2]	1000	437	842	158	56.3	1021	38	983	3.7	41331	4779	897	187	0	3	3116	5135	0
2016-03-15 11:07:12	357.0	266.02	3225.74	1.0	[0.7]	1000	437	842	158	56.3	1021	38	983	3.7	41331	4781	897	187	0	3	3126	5150	0
2016-03-15 11:07:19	357.01	266.05	3231.7	1.0	[0.8]	1000	437	842	158	56.3	1021	38	983	3.7	41331	4783	897	187	0	3	3136	5161	0
2016-03-15 11:07:25	357.03	266.08	3237.66	0.0	[0.8]	1000	437	842	158	56.3	1021	38	983	3.7	41331	4786	897	187	0	3	3146	5171	0
2016-03-15 11:07:31	357.03	266.12	3243.63	1.0	[1.0]	1000	437	842	158	56.3	1021	38	983	3.7	41331	4788	897	187	0	3	3156	5181	0
2016-03-15 11:07:37	357.04	266.16	3249.58	1.0	[0.8]	1000	437	842	158	56.3	1021	38	983	3.7	41331	4790	897	187	0	3	3166	5191	0
2016-03-15 11:07:43	357.05	266.2	3255.54	0.0	[0.7]	1000	437	842	158	56.3	1021	38	983	3.7	41331	4792	897	187	0	3	3176	5201	0
2016-03-15 11:07:49	357.05	266.23	3261.5	2.0	[0.8]	1000	437	842	158	56.3	1021	38	983	3.7	41331	4794	897	187	0	3	3186	5216	0
2016-03-15 11:07:55	357.07	266.26	3267.46	2.0	[1.0]	1000	437	842	158	56.3	1021	38	983	3.7	41331	4796	897	187	0	3	3196	5232	0
2016-03-15 11:08:01	357.09	266.32	3273.38	1.0	[1.3]	1000	437	842	158	56.3	1021	38	983	3.7	41331	4800	897	187	0	3	3206	5248	0
2016-03-15 11:08:07	357.1	266.36	3279.35	2.0	[1.0]	1000	437	842	158	56.3	1021	38	983	3.7	41331	4802	897	187	0	3	3218	5266	0
2016-03-15 11:08:13	357.11	266.41	3285.3	1.0	[0.8]	1000	437	842	158	56.3	1021	38	983	3.7	41331	4806	897	187	0	3	3228	5277	0
2016-03-15 11:08:19	357.14	266.42	3291.26	1.0	[0.8]	1000	437	842	158	56.3	1021	38	983	3.7	41331	4808	897	187	0	3	3236	5285	0
2016-03-15 11:08:25	357.14	266.46	3297.22	1.0	[0.7]	1000	437	842	158	56.3	1021	38	983	3.7	41331	4810	897	187	0	3	3246	5295	0
2016-03-15 11:08:31	357.16	266.48	3303.18	1.0	[0.8]	1000	437	842	158	56.3	1021	38	983	3.7	41331	4812	897	187	0	3	3256	5305	0
2016-03-15 11:08:37	357.18	266.52	3309.14	0.0	[0.8]	1000	437	842	158	56.3	1021	38	983	3.7	41331	4815	897	187	0	3	3266	5315	0
2016-03-15 11:08:43	357.19	266.55	3315.1	2.0	[1.2]	1000	437	842	158	56.3	1021	38	983	3.7	41331	4817	897	187	0	3	3276	5325	0
2016-03-15 11:08:49	357.22	266.57	3321.06	3.0	[1.0]	1000	437	842	158	56.3	1021	38	983	3.7	41331	4819	897	187	0	3	3286	5335	0
2016-03-15 11:08:55	357.25	266.59	3327.0	1.0	[0.7]	1000	437	842	158	56.3	1021	38	983	3.7	41331	4821	897	187	0	3	3296	5345	0
2016-03-15 11:09:01	357.28	266.63	3332.93	1.0	[1.2]	1000	437	842	158	56.3	1021	38	983	3.7	41331	4823	897	187	0	3	3306	5355	0
2016-03-15 11:09:07	357.29	266.67	3338.88	1.0	[1.0]	1000	437	842	158	56.3	1021	38	983	3.7	41331	4825	897	187	0	3	3316	5365	0
2016-03-15 11:09:13	357.3	266.72	3344.84	0.0	[0.8]	1000	437	842	158	56.3	1021	38	983	3.7	41331	4828	897	187	0	3	3326	5375	0
2016-03-15 11:09:19	357.32	266.74	3350.8	1.0	[0.8]	1000	437	842	158	56.3	1021	38	983	3.7	41331	4830	897	187	0	3	3336	5385	0
2016-03-15 11:09:25	357.32	266.78	3356.76	2.0	[1.0]	1000	437	842	158	56.3	1021	38	983	3.7	41331	4832	897	187	0	3	3346	5395	0
2016-03-15 11:09:31	357.34	266.8	3362.72	0.0	[0.7]	1000	437	842	158	56.3	1021	38	983	3.7	41331	4834	897	187	0	3	3356	5406	0
2016-03-15 11:09:37	357.35	266.84	3368.68	3.0	[1.2]	1000	437	842	158	56.3	1021	38	983	3.7	41331	4836	897	187	0	3	3368	5418	0
2016-03-15 11:09:43	357.38	266.88	3374.64	1.0	[1.0]	1000	437	842	158	56.3	1021	38	983	3.7	41331	4838	897	187	0	3	3376	5426	0
2016-03-15 11:09:49	357.39	266.9	3380.59	1.0	[0.7]	1000	437	842	158	56.3	1021	38	983	3.7	41331	4841	897	187	0	3	3386	5437	0
2016-03-15 11:09:55	357.4	266.95	3386.55	1.0	[0.8]	1000	437	842	158	56.2	1021	38	983	3.7	41331	4843	897	187	0	3	3396	5452	0
2016-03-15 11:10:01	357.43	267.0	3392.48	2.0	[1.7]	1000	437	842	158	56.2	1021	38	983	3.7	41331	4845	897	187	0	3	3406	5467	0
2016-03-15 11:10:08	357.44	267.04	3398.43	1.0	[0.8]	1000	437	842	158	56.2	1021	38	983	3.7	41331	4847	897	187	0	3	3416	5480	0
2016-03-15 11:10:14	357.45	267.11	3404.39	1.0	[1.3]	1000	437	842	158	56.2	1021	38	983	3.7	41331	4849	897	187	0	3	3426	5494	0
2016-03-15 11:10:20	357.46	267.15	3410.35	1.0	[1.0]	1000	437	842	158	56.2	1021	38	983	3.7	41331	4851	897	187	0	3	3436	5504	0
2016-03-15 11:10:26	357.48	267.19	3416.3	0.0	[1.0]	1000	437	842	158	56.2	1021	38	983	3.7	41331	4854	897	187	0	3	3446	5514	0
2016-03-15 11:10:32	357.49	267.22	3422.26	1.0	[0.8]	1000	437	842	158	56.2	1021	38	983	3.7	41331	4856	897	187	0	3	3456	5524	0
2016-03-15 11:10:38	357.5	267.25	3428.22	1.0	[0.8]	1000	437	842	158	56.2	1021	38	983	3.7	41331	4858	897	187	0	3	3466	5534	0
2016-03-15 11:10:44	357.52	267.27	3434.21	1.0	[0.8]	1000	437	842	158	56.2	1021	38	983	3.7	41331	4860	897	187	0	3	3478	5546	0
2016-03-15 11:10:50	357.53	267.32	3440.16	0.0	[0.8]	1000	437	842	158	56.2	1021	38	983	3.7	41331	4862	897	187	0	3	3486	5554	0
2016-03-15 11:10:56	357.55	267.33	3446.11	1.0	[0.7]	1000	437	842	158	56.2	1021	38	983	3.7	41332	4864	897	187	0	3	3500	5567	0
2016-03-15 11:11:02	357.58	267.38	3452.04	1.0	[1.5]	1000	437	842	158	56.2	1021	38	983	3.7	41332	4867	897	187	0	3	3508	5575	0
2016-03-15 11:11:08	357.6	267.43	3457.99	1.0	[1.2]	1000	437	842	158	56.2	1021	38	983	3.7	41332	4869	897	187	0	3	3520	5587	0
2016-03-15 11:11:14	357.61	267.48	3463.95	1.0	[1.2]	1000	437	842	158	56.2	1021	38	983	3.7	41332	4871	897	187	0	3	3530	5597	0
2016-03-15 11:11:20	357.64	267.52	3469.91	1.0	[1.3]	1000	437	842	158	56.2	1021	38	983	3.7	41332	4873	897	187	0	3	3538	5605	0
2016-03-15 11:11:26	357.65	267.54	3475.86	2.0	[0.8]	1000	437	842	158	56.2	1021	38	983	3.7	41332	4875	897	187	0	3	3548	5615	0
2016-03-15 11:11:32	357.66	267.57	3481.82	0.0	[0.5]	1000	437	842	158	56.2	1021	38	983	3.7	41332	4877	897	187	0	3	3558	5625	0
2016-03-15 11:11:38	357.68	267.59	3487.76	1.0	[0.8]	1000	437	842	158	56.2	1021	38	983	3.7	41332	4881	897	187	0	3	3568	5635	0
2016-03-15 11:11:44	357.7	267.62	3493.73	0.0	[0.8]	1000	437	842	158	56.2	1021	38	983	3.7	41332	4885	897	187	0	3	3578	5645	0
2016-03-15 11:11:50	357.71	267.68	3499.69	0.0	[1.2]	1000	437	842	158	56.2	1021	38	983	3.7	41332	4887	897	187	0	3	3588	5657	0
2016-03-15 11:11:56	357.72	267.71	3505.64	2.0	[1.2]	1000	437	842	158	56.2	1021	38	983	3.7	41332	4889	897	187	0	3	3598	5671	0
2016-03-15 11:12:02	357.75	267.76	3511.57	0.0	[1.2]	1000	437	842	158	56.2	1021	38	983	3.7	41332	4891	897	187	0	3	3608	5687	0
2016-03-15 11:12:08	357.77	267.79	3517.52	2.0	[1.0]	1000	437	842	158	56.2	1021	38	983	3.7	41332	4893	897	187	0	3	3618	5700	0
2016-03-15 11:12:14	357.79	267.82	3523.48	1.0	[0.8]	1000	437	842	158	56.2	1021	38	983	3.7	41332	4896	897	187	0	3	3628	5713	0
2016-03-15 11:12:20	357.8	267.86	3529.44	0.0	[0.8]	1000	437	842	158	56.2	1021	38	983	3.7	41332	4898	897	187	0	3	3638	5723	0
2016-03-15 11:12:26	357.81	267.9	3535.39	1.0	[1.2]	1000	437	842	158	56.2	1021	38	983	3.7	41332	4900	897	187	0	3	3650	5735	0
2016-03-15 11:12:32	357.82	267.94	3541.35	1.0	[0.8]	1000	437	842	158	56.2	1021	38	983	3.7	41332	4902	897	187	0	3	3658	5743	0
2016-03-15 11:12:38	357.82	267.96	3547.31	1.0	[0.5]	1000	437	842	158	56.2	1021	38	983	3.7	41332	4904	897	187	0	3	3668	5753	0
2016-03-15 11:12:44	357.84	268.0	3553.27	1.0	[1.0]	1000	437	842	158	56.2	1021	38	983	3.7	41332	4906	897	187	0	3	3678	5763	0
2016-03-15 11:12:50	357.85	268.02	3559.22	1.0	[0.8]	1000	437	842	158	56.2	1021	38	983	3.7	41332	4909	897	187	0	3	3688	5773	0
2016-03-15 11:12:56	357.86	268.06	3565.18	0.0	[0.7]	1000	437	842	158	56.2	1021	38	983	3.7	41332	4911	897	187	0	3	3698	5783	0
2016-03-15 11:13:03	357.9	268.1	3571.11	0.0	[1.3]	1000	437	842	158	56.2	1021	38	983	3.7	41332	4913	897	187	0	3	3708	5793	0
2016-03-15 11:13:09	357.92	268.14	3577.07	1.0	[1.2]	1000	437	842	158	56.2	1021	38	983	3.7	41332	4915	897	187	0	3	3718	5803	0
2016-03-15 11:13:15	357.92	268.17	3583.02	2.0	[1.0]	1000	437	842	158	56.2	1021	38	983	3.7	41332	4917	897	187	0	3	3730	5815	0
2016-03-15 11:13:21	357.93	268.23	3588.98	0.0	[1.0]	1000	437	842	158	56.2	1021	38	983	3.7	41332	4920	897	187	0	3	3738	5823	0
2016-03-15 11:13:27	357.94	268.28	3594.94	1.0	[1.0]	1000	437	842	158	56.2	1021	38	983	3.7	41332	4922	897	187	0	3	3748	5833	0
2016-03-15 11:13:33	357.95	268.32	3600.9	0.0	[0.8]	1000	437	842	158	56.2	1021	38	983	3.7	41332	4924	897	187	0	3	3758	5843	0
2016-03-15 11:13:39	357.96	268.36	3606.86	1.0	[1.0]	1000	437	842	158	56.2	1021	38	983	3.7	41332	4926	897	187	0	3	3770	5855	0
2016-03-15 11:13:45	357.96	268.4	3612.82	0.0	[0.7]	1000	437	842	158	56.2	1021	38	983	3.7	41332	4928	897	187	0	3	3780	5865	0
2016-03-15 11:13:51	357.97	268.43	3618.78	2.0	[1.0]	1000	437	842	158	56.2	1021	38	983	3.7	41332	4930	897	187	0	3	3788	5876	0
2016-03-15 11:13:57	357.98	268.47	3624.73	0.0	[0.7]	1000	437	842	158	56.2	1021	38	983	3.7	41332	4933	897	187	0	3	3798	5889	0
2016-03-15 11:14:03	358.02	268.51	3630.66	1.0	[1.5]	1000	437	842	158	56.2	1021	38	983	3.7	41332	4935	897	187	0	3	3808	5905	0
2016-03-15 11:14:09	358.03	268.54	3636.61	0.0	[0.8]	1000	437	842	158	56.2	1021	38	983	3.7	41332	4937	897	187	0	3	3820	5920	0
2016-03-15 11:14:15	358.04	268.58	3642.57	1.0	[0.8]	1000	437	842	158	56.2	1021	38	983	3.7	41332	4939	897	188	0	3	3830	5933	0
2016-03-15 11:14:21	358.05	268.61	3648.53	2.0	[1.0]	1000	437	842	158	56.2	1021	38	983	3.7	41332	4941	897	188	0	3	3838	5941	0
2016-03-15 11:14:27	358.08	268.64	3654.49	1.0	[1.0]	1000	437	842	158	56.2	1021	38	983	3.7	41332	4943	897	188	0	3	3848	5951	0
2016-03-15 11:14:33	358.1	268.68	3660.45	0.0	[0.8]	1000	437	842	158	56.2	1021	38	983	3.7	41332	4947	897	188	0	3	3858	5961	0
2016-03-15 11:14:39	358.12	268.72	3666.4	0.0	[1.0]	1000	437	842	158	56.2	1021	38	983	3.7	41332	4951	897	188	0	3	3868	5971	0
2016-03-15 11:14:45	358.13	268.75	3672.36	2.0	[1.0]	1000	437	842	158	56.2	1021	38	983	3.7	41332	4953	897	188	0	3	3878	5981	0
2016-03-15 11:14:51	358.14	268.78	3678.32	1.0	[0.7]	1000	437	842	158	56.2	1021	38	983	3.7	41332	4955	897	188	0	3	3888	5991	0
2016-03-15 11:14:57	358.16	268.82	3684.27	0.0	[1.0]	1000	437	842	158	56.2	1021	38	983	3.7	41332	4957	897	188	0	3	3898	6001	0
2016-03-15 11:15:03	358.2	268.88	3690.2	0.0	[1.7]	1000	437	842	158	56.2	1021	38	983	3.7	41332	4959	897	188	0	3	3908	6011	0
2016-03-15 11:15:09	358.23	268.9	3696.16	1.0	[1.0]	1000	437	842	158	56.2	1021	38	983	3.7	41332	4962	897	188	0	3	3918	6021	0
2016-03-15 11:15:15	358.25	268.93	3702.11	1.0	[1.0]	1000	437	842	158	56.2	1021	38	983	3.7	41332	4964	897	188	0	3	3928	6034	0
2016-03-15 11:15:21	358.26	268.96	3708.08	0.0	[0.7]	1000	437	842	158	56.2	1021	38	983	3.7	41332	4966	897	188	0	3	3938	6050	0
2016-03-15 11:15:27	358.26	268.98	3714.03	1.0	[0.5]	1000	437	842	158	56.2	1021	38	983	3.7	41332	4968	897	188	0	3	3948	6060	0
2016-03-15 11:15:33	358.28	269.01	3719.99	0.0	[0.8]	1000	437	842	158	56.2	1021	38	983	3.7	41332	4970	897	188	0	3	3958	6070	0
